$ 1 0.000005 10.20027730826997 50 5 50 5e-11
x 208 653 234 656 4 24 a6
L 224 576 224 608 2 0 false 5 0
x 256 653 282 656 4 24 a5
L 272 576 272 608 2 1 false 5 0
x 304 653 330 656 4 24 a4
L 320 576 320 608 2 0 false 5 0
L 512 576 512 608 2 1 false 5 0
x 496 653 522 656 4 24 a0
L 464 576 464 608 2 0 false 5 0
x 448 653 474 656 4 24 a1
L 416 576 416 608 2 0 false 5 0
x 400 653 426 656 4 24 a2
x 352 653 378 656 4 24 a3
L 368 576 368 608 2 0 false 5 0
196 256 368 304 368 3072
196 384 368 432 368 3072
196 128 368 176 368 3072
157 352 0 416 0 0 7 0 0
157 528 0 592 0 1024 7 0 0
197 736 0 784 0 1024
197 192 0 240 0 0
196 512 368 560 368 3072
196 640 368 688 368 3072
196 896 368 944 368 3072
196 768 368 816 368 3072
L 832 640 832 672 2 0 false 5 0
x 816 717 842 720 4 24 b3
x 864 717 890 720 4 24 b2
L 880 640 880 672 2 1 false 5 0
x 912 717 938 720 4 24 b1
L 928 640 928 672 2 0 false 5 0
x 960 717 986 720 4 24 b0
L 976 640 976 672 2 1 false 5 0
L 784 640 784 672 2 0 false 5 0
x 768 717 794 720 4 24 b4
L 736 640 736 672 2 0 false 5 0
x 720 717 746 720 4 24 b5
L 688 640 688 672 2 1 false 5 0
x 672 717 698 720 4 24 b6
x 587 608 615 611 4 48 \p
x -30 598 22 601 4 24 input
x -40 406 73 409 4 24 calculation
x -40 145 26 148 4 24 output
w 992 400 1008 400 0
w 1008 400 1008 352 0
w 736 400 752 400 0
w 752 400 752 352 0
w 480 400 496 400 0
w 496 400 496 352 0
w 352 400 368 400 0
w 368 400 368 352 0
w 224 400 240 400 0
w 240 400 240 352 0
w 608 400 624 400 0
w 624 400 624 352 0
w 864 400 880 400 0
w 880 400 880 352 0
w 976 640 1152 640 0
w 928 640 928 624 0
w 880 640 880 608 0
w 928 624 1136 624 0
w 880 608 1120 608 0
w 832 640 832 592 0
w 832 592 1104 592 0
w 784 640 784 576 0
w 784 576 1088 576 0
w 736 640 736 560 0
w 736 560 1072 560 0
w 688 640 688 544 0
w 688 544 1056 544 0
w 1152 640 1152 352 0
w 1008 352 1152 352 0
w 1136 624 1136 336 0
w 880 352 880 336 0
w 1120 608 1120 336 0
w 1120 336 1120 320 0
w 1104 592 1104 304 0
w 1088 576 1088 288 0
w 1072 560 1072 272 0
w 1056 544 1056 256 0
w 880 336 1136 336 0
w 1120 320 752 320 0
w 1104 304 624 304 0
w 1088 288 496 288 0
w 1072 272 368 272 0
w 1056 256 240 256 0
w 240 352 240 256 0
w 368 272 368 352 0
w 496 352 496 288 0
w 624 304 624 352 0
w 752 352 752 320 0
w 224 576 224 432 0
w 272 576 272 480 0
w 352 432 352 464 0
w 272 480 352 480 0
w 352 480 352 464 0
w 480 432 480 480 0
w 480 480 480 496 0
w 480 496 320 496 0
w 320 496 320 576 0
w 368 576 368 512 0
w 416 576 416 528 0
w 464 576 464 544 0
w 368 512 608 512 0
w 608 432 608 512 0
w 416 528 736 528 0
w 736 528 736 432 0
w 464 544 512 544 0
w 512 544 512 464 0
w 512 464 864 464 0
w 864 464 864 432 0
w 512 576 528 576 0
w 528 576 528 480 0
w 528 480 992 480 0
w 992 480 992 432 0
w 864 368 896 432 0
w 608 368 640 432 0
w 480 368 512 432 0
w 352 368 384 432 0
w 224 368 256 432 0
