$ 2 0.000005 14.235633750745258 96 5 50 5e-11
163 784 600 808 600 1 10 0 0 0 0 0 0 0 0 5 0
R 944 632 944 680 0 0 40 5 0 0 0.5
R 784 616 744 616 1 2 100 2.5 2.5 0 0.5
w 528 136 496 136 0
w 552 144 504 144 0
w 576 152 512 152 0
w 576 136 576 152 0
w 552 136 552 144 0
g 528 104 528 96 0 0
g 576 104 576 96 0 0
g 552 104 552 96 0 0
34 fwdrop\q5 0 1.0542836727612609e-42 0 2 0 0
162 528 136 528 104 3 fwdrop\q5 1 0 0 0.01
162 552 136 552 104 3 fwdrop\q5 0 1 0 0.01
162 576 136 576 104 3 fwdrop\q5 0 0 1 0.01
w 496 136 496 176 0
w 512 152 512 160 0
w 504 144 504 168 0
w 600 144 600 168 0
w 608 152 608 160 0
w 592 136 592 176 0
162 672 136 672 104 3 fwdrop\q5 0 0 1 0.01
162 648 136 648 104 3 fwdrop\q5 0 1 0 0.01
162 624 136 624 104 3 fwdrop\q5 1 0 0 0.01
g 648 104 648 96 0 0
g 672 104 672 96 0 0
g 624 104 624 96 0 0
w 648 136 648 144 0
w 672 136 672 152 0
w 672 152 608 152 0
w 648 144 600 144 0
w 624 136 592 136 0
w 816 136 784 136 0
w 840 144 792 144 0
w 864 152 800 152 0
w 864 136 864 152 0
w 840 136 840 144 0
g 816 104 816 96 0 0
g 864 104 864 96 0 0
g 840 104 840 96 0 0
162 816 136 816 104 3 fwdrop\q5 1 0 0 0.01
162 840 136 840 104 3 fwdrop\q5 0 1 0 0.01
162 864 136 864 104 3 fwdrop\q5 0 0 1 0.01
w 784 136 784 176 0
w 800 152 800 160 0
w 792 144 792 168 0
w 696 144 696 168 0
w 704 152 704 160 0
w 688 136 688 176 0
162 768 136 768 104 3 fwdrop\q5 0 0 1 0.01
162 744 136 744 104 3 fwdrop\q5 0 1 0 0.01
162 720 136 720 104 3 fwdrop\q5 1 0 0 0.01
g 744 104 744 96 0 0
g 768 104 768 96 0 0
g 720 104 720 96 0 0
w 744 136 744 144 0
w 768 136 768 152 0
w 768 152 704 152 0
w 744 144 696 144 0
w 720 136 688 136 0
w 1104 136 1072 136 0
w 1128 144 1080 144 0
w 1152 152 1088 152 0
w 1152 136 1152 152 0
w 1128 136 1128 144 0
g 1104 104 1104 96 0 0
g 1152 104 1152 96 0 0
g 1128 104 1128 96 0 0
162 1104 136 1104 104 3 fwdrop\q5 1 0 0 0.01
162 1128 136 1128 104 3 fwdrop\q5 0 1 0 0.01
162 1152 136 1152 104 3 fwdrop\q5 0 0 1 0.01
w 1072 136 1072 176 0
w 1088 152 1088 160 0
w 1080 144 1080 168 0
w 1176 144 1176 168 0
w 1184 152 1184 160 0
w 1168 136 1168 176 0
162 1248 136 1248 104 3 fwdrop\q5 0 0 1 0.01
162 1224 136 1224 104 3 fwdrop\q5 0 1 0 0.01
162 1200 136 1200 104 3 fwdrop\q5 1 0 0 0.01
g 1224 104 1224 96 0 0
g 1248 104 1248 96 0 0
g 1200 104 1200 96 0 0
w 1224 136 1224 144 0
w 1248 136 1248 152 0
w 1248 152 1184 152 0
w 1224 144 1176 144 0
w 1200 136 1168 136 0
w 1008 136 976 136 0
w 1032 144 984 144 0
w 1056 152 992 152 0
w 1056 136 1056 152 0
w 1032 136 1032 144 0
g 1008 104 1008 96 0 0
g 1056 104 1056 96 0 0
g 1032 104 1032 96 0 0
162 1008 136 1008 104 3 fwdrop\q5 1 0 0 0.01
162 1032 136 1032 104 3 fwdrop\q5 0 1 0 0.01
162 1056 136 1056 104 3 fwdrop\q5 0 0 1 0.01
w 976 136 976 176 0
w 992 152 992 160 0
w 984 144 984 168 0
w 888 144 888 168 0
w 896 152 896 160 0
w 880 136 880 176 0
162 960 136 960 104 3 fwdrop\q5 0 0 1 0.01
162 936 136 936 104 3 fwdrop\q5 0 1 0 0.01
162 912 136 912 104 3 fwdrop\q5 1 0 0 0.01
g 936 104 936 96 0 0
g 960 104 960 96 0 0
g 912 104 912 96 0 0
w 936 136 936 144 0
w 960 136 960 152 0
w 960 152 896 152 0
w 936 144 888 144 0
w 912 136 880 136 0
w 496 176 592 176 0
w 592 176 688 176 0
w 688 176 784 176 0
w 784 176 880 176 0
w 880 176 976 176 0
w 976 176 1072 176 0
w 1072 176 1168 176 0
w 504 168 600 168 0
w 600 168 696 168 0
w 696 168 792 168 0
w 792 168 888 168 0
w 888 168 984 168 0
w 984 168 1080 168 0
w 1080 168 1176 168 0
w 1184 160 1088 160 0
w 1088 160 992 160 0
w 992 160 896 160 0
w 896 160 800 160 0
w 800 160 704 160 0
w 704 160 608 160 0
w 608 160 512 160 0
w 792 432 792 336 0
w 872 464 872 328 0
w 960 464 920 328 0
w 792 336 768 176 0
w 808 168 872 328 0
w 920 328 856 160 0
152 784 528 784 464 1 8 5.000000000000001 5
w 800 584 752 528 0
w 784 464 792 432 0
w 768 176 784 176 0
w 808 168 792 168 0
w 856 160 896 160 0
152 872 528 872 464 1 8 5.000000000000001 5
152 960 528 960 464 1 8 5.000000000000001 5
w 816 584 840 528 0
w 928 528 832 584 0
w 848 584 760 528 0
w 848 528 848 584 0
w 936 528 848 584 0
w 880 584 768 528 0
w 880 584 856 528 0
w 896 584 776 528 0
w 896 584 944 528 0
w 912 584 864 528 0
w 928 584 952 528 0
w 912 584 968 528 0
w 928 584 792 528 0
w 880 528 928 584 0
o 2 64 0 4099 5 0.0001 0 2 2 3
