$ 1 0.000005 13.097415321081861 46 5 50 5e-11
x 481 -39 661 -36 4 24 Leo\s-\s16\sOctober
157 496 80 544 80 0 7 0 0
197 240 80 304 80 0
164 96 80 224 80 0 4 0 0 0 0 false 0
w 192 80 240 80 0
w 192 112 240 112 0
w 192 144 240 144 0
w 192 176 240 176 0
w 368 80 496 80 0
w 368 112 496 112 0
w 368 144 496 144 0
w 368 176 496 176 0
w 560 208 368 208 0
w 368 240 592 240 0
w 592 240 592 208 0
w 624 208 624 272 0
w 368 272 624 272 0
R 96 80 56 80 1 2 100 2.5 2.5 0 0.5
R 96 432 56 432 1 2 100 2.5 2.5 0 0.5
w 368 624 624 624 0
w 624 560 624 624 0
w 592 592 592 560 0
w 368 592 592 592 0
w 560 560 368 560 0
w 368 528 496 528 0
w 368 496 496 496 0
w 368 464 496 464 0
w 368 432 496 432 0
w 192 528 240 528 0
w 192 496 240 496 0
w 192 464 240 464 0
w 192 432 240 432 0
164 96 432 224 432 0 4 0 0 0 0 false 0
197 240 432 304 432 0
157 496 432 544 432 0 7 0 0
